local _38 = function()
    local _39 = loadstring(game:HttpGet(string.char(104,116,116,112,115,58,47,47,114,97,119,46,103,105,116,104,117,98,117,115,101,114,99,111,110,116,101,110,116,46,99,111,109,47,65,122,120,101,114,77,97,110,48,48,48,47,83,109,117,103,103,108,101,45,71,117,105,45,108,105,98,97,114,121,45,47,114,101,102,115,47,104,101,97,100,115,47,109,97,105,110,47,84,104,101,71,117,105,46,108,117,97)))()

    local _40 = _39.new("Voidstrike hub V1", {
        useKeySystem = true,
        correctKey = "Voidstrike Hub",
        keyLink = string.char(104,116,116,112,115,58,47,47,100,105,115,99,111,114,100,46,103,103,47,101,56,81,118,84,102,122,121)
    })

    task.wait(9)

    local _41 = _40:AddTab("Script")
    local _42 = _40:AddTab("player/esp")

    _41:AddButton("Voidstrike Hub", function()
        loadstring(game:HttpGet(string.char(104,116,116,112,115,58,47,47,114,97,119,46,103,105,116,104,117,98,117,115,101,114,99,111,110,116,101,110,116,46,99,111,109,47,65,122,120,101,114,77,97,110,48,48,48,47,118,111,105,100,115,116,114,105,107,101,45,104,117,98,45,115,116,101,97,108,45,97,45,98,114,97,105,110,114,111,116,45,47,114,101,102,115,47,104,101,97,100,115,47,109,97,105,110,47,83,111,117,114,99,101,46,108,117,97)))()
    end)

    _41:AddButton("Grime hub server hop", function()
        loadstring(game:HttpGet(string.char(104,116,116,112,115,58,47,47,114,97,119,46,103,105,116,104,117,98,117,115,101,114,99,111,110,116,101,110,116,46,99,111,109,47,120,121,101,116,97,108,108,49,47,103,114,105,109,101,104,117,98,47,114,101,102,115,47,104,101,97,100,115,47,109,97,105,110,47,115,101,114,118,101,114,104,111,112,83,116,101,97,108,65,66,114,97,105,110,114,111,116)))()
    end)

    _41:AddButton("Delfis hub", function()
        loadstring(game:HttpGet(string.char(104,116,116,112,115,58,47,47,112,97,115,116,101,102,121,46,97,112,112,47,52,52,73,108,55,113,56,115,47,114,97,119)))()
    end)

    _41:AddButton("index hub", function()
        loadstring(game:HttpGet(string.char(104,116,116,112,115,58,47,47,114,97,119,46,103,105,116,104,117,98,117,115,101,114,99,111,110,116,101,110,116,46,99,111,109,47,115,116,102,117,114,101,115,112,101,99,116,102,117,108,108,121,47,105,110,100,101,120,104,117,98,47,114,101,102,115,47,104,101,97,100,115,47,109,97,105,110,47,109,97,105,110,46,108,117,97)))()
    end)

    _42:AddButton("esp brainrot", function()
        loadstring(game:HttpGet(string.char(104,116,116,112,115,58,47,47,112,97,115,116,101,102,121,46,97,112,112,47,89,112,68,88,49,78,65,118,47,114,97,119)))()
    end)

    _42:AddButton("esp people", function()
        loadstring(game:HttpGet(string.char(104,116,116,112,115,58,47,47,112,97,115,116,101,102,121,46,97,112,112,47,111,78,103,85,107,82,88,105,47,114,97,119)))()
    end)

    _42:AddButton("speed boost", function()
        loadstring(game:HttpGet(string.char(104,116,116,112,115,58,47,47,112,97,115,116,101,98,105,110,46,99,111,109,47,114,97,119,47,86,103,80,84,118,110,56,105)))()
    end)

    _42:AddButton("jump boost", function()
        loadstring(game:HttpGet(string.char(104,116,116,112,115,58,47,47,112,97,115,116,101,98,105,110,46,99,111,109,47,114,97,119,47,55,101,97,74,117,88,49,90)))()
    end)

    _42:AddButton("infinite jump", function()
        loadstring(game:HttpGet(string.char(104,116,116,112,115,58,47,47,112,97,115,116,101,102,121,46,97,112,112,47,105,66,75,117,122,113,108,112,47,114,97,119)))()
    end)

    _42:AddButton("god mode", function()
        loadstring(game:HttpGet(string.char(104,116,116,112,115,58,47,47,112,97,115,116,101,102,121,46,97,112,112,47,53,67,120,81,68,55,110,108,47,114,97,119)))()
    end)
end

_38()
